0.999577 -0.00331315 0.0288861
0.00237944 0.999475 0.0322987
-0.028978 -0.0322163 0.999061
0.00394902
-0.00291427
-0.00461338
0.999577 -0.00331315 0.0288861 0
0.00237944 0.999475 0.0322987 0
-0.028978 -0.0322163 0.999061 0
0.00394902 -0.00291427 -0.00461338 1
