0.999982 -0.00135695 0.00588754
0.00131342 0.999972 0.00739117
-0.0058974 -0.0073833 0.999955
-0.000867424
-0.00244398
-0.00157737
0.999982 -0.00135695 0.00588754 0
0.00131342 0.999972 0.00739117 0
-0.0058974 -0.0073833 0.999955 0
-0.000867424 -0.00244398 -0.00157737 1
