0.999998 0.000651403 0.00190441
-0.000654943 0.999998 0.00185597
-0.0019032 -0.00185722 0.999996
-0.000212018
-0.0017167
-0.000917724
0.999998 0.000651403 0.00190441 0
-0.000654943 0.999998 0.00185597 0
-0.0019032 -0.00185722 0.999996 0
-0.000212018 -0.0017167 -0.000917724 1
