0.99997 -0.00189732 0.00748555
0.00183087 0.999959 0.00887768
-0.00750208 -0.00886371 0.999933
-0.00129657
-0.00362702
-0.00185355
0.99997 -0.00189732 0.00748555 0
0.00183087 0.999959 0.00887768 0
-0.00750208 -0.00886371 0.999933 0
-0.00129657 -0.00362702 -0.00185355 1
