0.999994 0.000975337 0.00347746
-0.000992201 0.999988 0.00485271
-0.00347269 -0.00485613 0.999982
-0.000862013
-0.00210807
-0.00128295
0.999994 0.000975337 0.00347746 0
-0.000992201 0.999988 0.00485271 0
-0.00347269 -0.00485613 0.999982 0
-0.000862013 -0.00210807 -0.00128295 1
