0.999623 -0.00342566 0.0272564
0.0026168 0.999557 0.0296569
-0.0273459 -0.0295744 0.999188
0.00251781
-0.00491194
-0.00467133
0.999623 -0.00342566 0.0272564 0
0.0026168 0.999557 0.0296569 0
-0.0273459 -0.0295744 0.999188 0
0.00251781 -0.00491194 -0.00467133 1
