0.999774 -0.00473335 0.0207183
0.00417602 0.99963 0.0268624
-0.0208378 -0.0267698 0.999424
-0.000706466
-0.00470059
-0.00312837
0.999774 -0.00473335 0.0207183 0
0.00417602 0.99963 0.0268624 0
-0.0208378 -0.0267698 0.999424 0
-0.000706466 -0.00470059 -0.00312837 1
